0 8 62 122
1 107 119 136 154
2 35 39 48 87 135
3 7
4 23 36
5 128
6 12 33 54 66 74 76 82 95 120
9 50 165
10
11 56 63 78 83 127 164 168 188
13 71 73
14 80 91 110 148 186
15 81 101 111 170
16 59 84 92 151 166
17 30 57 64 65 98 103 169 172 190
18 43
19 21 31 106 109 178
20 32 104 117 160 187
22 25 44 47 69 70 177 179 191
24 27 29
26 37 132
28 89
34 53 88 102 114 125 134 140 157 162 176 189
38 45
40 113 116 145 147 171
41 112 118 146 185
42 85
46
49 55 130 138 161
51 97 144
52 133 139 143 153
58 60 72 115 175
61 68
67 75
77 121 152 181
79
86
90
93 96 100 124 137 149 150
94
99
105
108 129 155 156 158 167
123 131 180 182 184
126 159 163 173 174
141
142
183
