0 70 82 128 159
1
2 124
3
4 49
5 120
6
7 31 106
8
9 22
10 67 125
11
12 24
13 45 59 73 109 135
14 35 152
15 25 89
16 158
17
18 149
19 37
20 156
21 23
26
27
28
29
30
32 54
33 47 51 69 99
34
36 83
38
39
40
41 57 58 60 66 91
42 74
43 157
44
46
48
50 133
52
53 148
55 151
56 129
61
62 147
63 65 84 86
64 75 112 119 142
68 113 115 134
71 122
72
76 130
77
78
79 132 139
80 88
81
85 105
87 121 126 150
90
92 153
93
94 138 160
95 116
96 107
97
98
100
101
102 145
103
104
108 143
110 117 140
111
114
118 136
123
127
131
137
141
144
146
154
155
161
