0 87 459 823
10 744 798 939 1072
19 272 294 377 588 931
27 81
39 184 281
52
73 120 239 436 482 523 533 564 636 805
92 1212
99
103 443 467 541 573 865 1210 1224 1361
130
135 557 611 760 1053 1348
140 561 698 761 1228
151 450 580 615 1059 1221
160 231 447 469 477 668 717 1226 1252 1391
163 337
169 175 234 733 750 1302
171 237 722 792 1155 1352
181 194 340 375 502 504 1301 1307 1466
189 210 222
207 282 899
215 597
247 430 593 715 773 850 913 964 1122 1187 1297 1382
288 361
299 767 786 1028 1048 1244
319 795
331
370
389 439 890 950 1183
394
422 665 999
428 906 957 988 1068
448 454 511 778 1294
456 494
491 527
507
516
537 810 1062 1327
549
581
586
610
619 648 695 841 943 1056 1058
632
689
726
746 883 1088 1109 1135 1222
764 1034 1346
825 892 1309 1337 1342
854 1149 1207 1262
875
971
974
1289
1338
