0 55 73
1 133
2 141
3
4 126
5 25 67
6
7 64
8
9 56 129
10 108 125 143
11
12 97
13 135
14 32
15
16 158
17 20 123
18 27
19 37 103 115 154
21 23 90 91
22 52 53 113
24 48
26 59 89
28
29
30
31
33 74
34
35 152
36 83
38 121
39 49
40 100
41 63 137
42 109
43 132
44
45 88 148
46 95
47 99
50 157
51 161
54 106
57 58 138
60 130
61
62 147
65 84 86 87
66
68
69 120
70 71
72 122
75 112 119 142 155
76
77
78
79 114 139
80
81
82 85
92 153
93
94 149
96 107
98
101
102 145
104 105 128
110 134 160
111
116 117
118
124 131 140
127 150 151
136
144
146 159
156
