0 56 70 82 128 159
1
2 124
3
4 49
5 120
6
7 31 93 106
8 102
9
10
11
12 24 67 125
13 45 59 73 109 135
14 35 152
15 25 89
16
17 38
18
19
20 156
21 149
22
23 110 117 140
26
27
28
29
30
32
33 47 51 69 99
34
36 107
37
39
40 76 130
41 57 58 60 66 91
42 74
43 157
44
46
48
50 133
52
53 148
54
55 151
61
62 147
63 83 84
64 75 119 142
65 137
68 113 115 134
71 122
72
77
78
79 132
80 88
81
85 105
86
87 121 126 150
90
92
94 138 160
95
96 146
97
98
100 158
101
103
104
108
111
112
114
116
118 136
123
127
129
131
139
141
143
144
145
153
154
155
161
