14 530 737 740 779 1043 1305
20
35 284 440 918
45 49 429 977 1156 1362
68 72 1005 1126 1292 1368
75 263 268 271 354 620
79 455 603
86 264 376 1100 1373
90 213 393 433 547 1102
96
101
117 290 317 513 628 1074 1367 1431
124 136 312 1239 1287
139 495 525 1240 1312
146 651 828 990 1158 1324 1339
164 413 424 904 1039 1202 1251
246 859 998 1016 1143 1146 1430
251 276 488 521 1394
297 601 709 1089 1268 1379
359
368 551 583 660 1107
372 475
438 962
453 460 871
574 1099 1412
596 652 919 1231
647 664 800 952 992 1009 1153 1206
667 967 1426
678
751
766
791
796 1032
837 1341
973 1347
1031 1419
1106
1196 1299
1334
1380
