0 96
1 115 154 175
2 142 177
3
4 26 29 36 37
5 90 128
6 95 120
7 62
8 93 122 124
9 81 111 170
10 11
12 70 77 123 195
13 71 73
14 15 149
16
17 19
18 35 39 44 48 135 179 182 184 201
20 117 160 187
21
22 38 45 74
23 27 132
24
25 50 54
28 89
30 31 105
32 104
33 69
34 102
40 112 113 126 145 146 159 173 185
41 174
42 85 86
43 47
46 156 157
49 55 76 82 138 152 181
51 153 155
52 53 108 196
56 57 63 64 114 125 162 168 169 172 188 189
58 107
59 92 166
60 61 151 200
65 103
66 87 180
67
68 84
72 136
75 194
78 83 88 176
79
80 94 148
91 110
97 129 139 143 144 167
98 164 192
99 141 183
100 101
106 109
116 119 163
118
121 130 131 161
127 178 190
133 134 158
137
140
147 171
150 165
186 191
193
197
198
199
