0 96
1 16 115 154 175
2 142 193
3
4 24
5 90 128
6
7 91
8 80 93 110 122 124 148
9 81 111
10 11 21 64
12 70 123 195
13 71 73
14 15 149
17 19
18 35 39 44 48 135 179 182 184 201
20 34 160
22 38 45 74
23 27 132
25 50 54
26
28 83 176
29 36 37
30 31 65 105 117
32 79 109
33 69
40 113 173
41 147 163 171 174
42 85 86
43
46 156 157
47
49 55 76 82 138 152 181
51 153 155
52 53 108 196
56 57 63 125 162 168 169 188
58 59 92 107
60 61 151 200
62
66 87 180
67
68 84 198
72 136
75 194
77 95 120 130 131
78 88 89
94
97 139 143 144 167
98 164 192
99 141 183
100 101
102 103 187
104 106
112 126 145 146 185
114 172
116 119 166
118
121 161
127 178 190
129
133 134 158
137
140
150 165 170
159
177
186 191
189
197
199
