0
1 107 119 154 163
2
3 178
4 36 183
5 128
6 76 82 95 120
7 149
8 12 35 39 48 122 135
9 165
10
11 57 64 169 172 190
13 73
14 22 123
15 111
16 41 59 92 166
17 65 103
18 43
19
20 117 160 187
21
23
24 159
25 54
26 37
27 132
28 89
29
30 105
31 106 109
32 104
33
34 102
38 45
40 113 145
42 85
44 47 179 201
46 66
49 55 138
50
51 97 114 125 144 162 189
52 108
53
56 63 127 139 143 168 188
58 115 116 175
60 200
61 72 136
62
67
68
69
70 195
71
74
75
77 152
78 83
79
80 94 182 184
81 170
84 87
86
88 176
90
91 110
93 124
96
98 164
99
100 101
112 118 146 185
121 130 161
126 173
129 148
131
133
134
137
140
141
142
147 171
150
151
153 155
156 180
157
158 167
174
177
181
186 191
192
193
194
196
197
198
199
